hue:2.5639772
sat:11.536431
intens:38.625
erosion:1
red:8.0625
blue:38.625
green:27.515625
l:3.5230206685889542
A:1.9433054486568815
B:2.594079648104472
valL:36.92041619130818
valA:19.436163387193563
valB:-57.593170640773494
id:1
col:873141
