hue:2.30064
sat:13.642176
intens:32.8125
erosion:1
red:32.8125
blue:10.78125
green:26.25
l:3.150627117688928
A:1.5271410495240683
B:3.333970398691026
valL:87.09436269426607
valA:-12.822472549907593
valB:78.34470990285793
id:3
col:15457842
