hue:3.776968
sat:22.574791
intens:31.921875
erosion:1
red:31.921875
blue:22.3125
green:12.4453125
l:2.521462554601534
A:2.7968398901343674
B:2.8192957729476142
valL:43.69701199514591
valA:55.93844996380648
valB:41.58296918911498
id:0
col:12661029
