hue:9.783729
sat:26.282856
intens:24.65625
erosion:1
red:14.1328125
blue:25.125
green:24.65625
l:3.396167884349194
A:1.380152477156773
B:1.6808136390604413
valL:23.788043582146738
valA:-18.41942586286811
valB:5.512508577691102
id:2
col:1589296
