hue:35.351364
sat:18.829607
intens:8.578125
erosion:1
red:25.617188
blue:8.578125
green:17.390625
l:2.0762976387070244
A:1.0946419403842904
B:2.028850907452145
valL:94.22741459173847
valA:1.4327712604724379
valB:-5.447912959701045
id:4
col:15527673
